%YAML 1.0
---
calibration_time: "Fri 03 Mar 2017 03:20:03 PM CST"
nframes: 12
image_width: 640
image_height: 480
board_width: 7
board_height: 5
square_size: 1.
aspectRatio: 1.
flags: 2
camera_matrix:
   rows: 3
   cols: 3
   dt: d
   data: [ 5.3123175969267379e+02, 0., 3.1296167222746101e+02, 0.,
       5.3123175969267379e+02, 1.8495388180397083e+02, 0., 0., 1. ]
distortion_coefficients:
   rows: 5
   cols: 1
   dt: d
   data: [ -4.6655093999892400e-02, 7.3413520500830318e-02,
       -2.9796121810413030e-02, -4.4078308020293611e-03,
       -2.4474018961010546e-01 ]
avg_reprojection_error: 1.2836203280247069e+00
per_view_reprojection_errors:
   rows: 12
   cols: 1
   dt: f
   data: [ 2.41366416e-01, 2.86385030e-01, 6.76942289e-01,
       2.09444255e-01, 5.58153152e-01, 5.56914866e-01, 1.70363232e-01,
       3.14450532e-01, 4.07683325e+00, 1.94998190e-01, 1.25034809e+00,
       3.97775203e-01 ]
extrinsic_parameters:
   rows: 12
   cols: 6
   dt: d
   data: [ -7.9539244119421770e-01, -2.4891633388800016e-01,
       3.0004524383440425e+00, -8.8710296361416319e+00,
       7.5372232298408628e+00, 3.0025299856171280e+01,
       5.8181443397199140e-01, -4.5671303353289139e-01,
       1.3769124421654502e-01, -1.3171639243873438e+01,
       -1.1476187923471439e+00, 2.5816478633206842e+01,
       -5.9790365508141763e-01, 1.1177853170700649e+00,
       2.6850849305037485e+00, -8.5905333689813510e+00,
       8.4295188390967706e+00, 3.0659019442531083e+01,
       1.6097000558041366e-01, 7.7079439164241592e-01,
       5.4892790615340470e-02, 6.7530438822011778e+00,
       3.6278908907534353e+00, 2.8780820292202396e+01,
       8.5015864400361185e-01, -8.9031341827995225e-01,
       2.7572761201035463e+00, 1.1303449274213099e+01,
       2.5457249120868615e+00, 2.5300231877737911e+01,
       -8.1803527527721209e-01, 4.0739702905015146e-01,
       3.7884905325422524e-01, 8.2850809870320408e+00,
       5.3746301046551181e+00, 3.0985887794346940e+01,
       -4.9862073836195722e-03, 2.4477382754024957e-01,
       3.8945113202005666e-02, 2.4000097588162501e+00,
       4.0557097343176434e+00, 3.2213801274934163e+01,
       5.3423544052211025e-01, 1.8185414740326905e-01,
       -2.7478255576496264e-02, 2.2640614169802848e+00,
       -6.9788949330399641e-02, 2.9062461719869201e+01,
       -8.8188584551594829e-01, 9.6347647854870586e-02,
       1.2248906488232301e-01, 3.0673610191143967e+00,
       4.9275230013582805e+00, 3.3576050495805028e+01,
       1.3704986635218791e-01, -2.0228969440286071e-01,
       3.4413853387059531e-02, -5.7990942467920359e+00,
       2.4143497025590515e+00, 3.0708980404853026e+01,
       5.4054760201821783e-01, -1.7932528960539143e-01,
       4.7179467360644579e-02, -4.9771669003527288e+00,
       -9.0943675432118931e-01, 2.9072966390044233e+01,
       -6.8956872015865356e-01, -1.7822030974925471e-01,
       -5.8874796833790606e-02, -5.8904173713505790e+00,
       7.4917329981244736e+00, 3.4427077528580959e+01 ]
image_points:
   rows: 12
   cols: 35
   dt: "2f"
   data: [ 1.58496613e+02, 3.13521881e+02, 1.40782059e+02,
       3.16461243e+02, 1.22488747e+02, 3.19443268e+02, 1.03589661e+02,
       3.22122284e+02, 8.44186325e+01, 3.24650269e+02, 6.44919662e+01,
       3.27460449e+02, 4.44283066e+01, 3.29994141e+02, 1.57887604e+02,
       2.97646576e+02, 1.39798187e+02, 3.00048248e+02, 1.21258324e+02,
       3.02553528e+02, 1.02338379e+02, 3.05421082e+02, 8.26695404e+01,
       3.07905029e+02, 6.25083199e+01, 3.10500153e+02, 4.21004906e+01,
       3.12917358e+02, 1.56635757e+02, 2.81301117e+02, 1.38587280e+02,
       2.83384674e+02, 1.20056580e+02, 2.85661560e+02, 1.00704536e+02,
       2.88298706e+02, 8.06967087e+01, 2.90503632e+02, 6.07723503e+01,
       2.92743195e+02, 4.03240509e+01, 2.95481323e+02, 1.55929764e+02,
       2.64438080e+02, 1.37539520e+02, 2.66517853e+02, 1.18625237e+02,
       2.68535828e+02, 9.91291046e+01, 2.70862122e+02, 7.93092804e+01,
       2.72735504e+02, 5.86617317e+01, 2.75369141e+02, 3.78619576e+01,
       2.77579956e+02, 1.54724228e+02, 2.47525177e+02, 1.36389008e+02,
       2.49373596e+02, 1.17350197e+02, 2.51474228e+02, 9.76752930e+01,
       2.53138718e+02, 7.76194229e+01, 2.55377777e+02, 5.70985718e+01,
       2.57287903e+02, 3.59885559e+01, 2.59444855e+02, 4.25189209e+01,
       1.57396530e+02, 6.46643143e+01, 1.58273163e+02, 8.64105453e+01,
       1.58887009e+02, 1.07394234e+02, 1.59911285e+02, 1.27836830e+02,
       1.60605316e+02, 1.47732559e+02, 1.61214523e+02, 1.67026352e+02,
       1.62017502e+02, 4.31641731e+01, 1.74591217e+02, 6.47132416e+01,
       1.75331314e+02, 8.62683182e+01, 1.76008499e+02, 1.06631348e+02,
       1.76343933e+02, 1.26619461e+02, 1.76688614e+02, 1.46162003e+02,
       1.77136200e+02, 1.64853760e+02, 1.77557327e+02, 4.38312225e+01,
       1.91320618e+02, 6.48514252e+01, 1.91634171e+02, 8.59624405e+01,
       1.91989883e+02, 1.06173492e+02, 1.92312164e+02, 1.25723351e+02,
       1.92542099e+02, 1.44667603e+02, 1.92635040e+02, 1.63465408e+02,
       1.92781891e+02, 4.43706627e+01, 2.06598831e+02, 6.49501038e+01,
       2.06706390e+02, 8.54434738e+01, 2.06904709e+02, 1.05316071e+02,
       2.07129456e+02, 1.24583115e+02, 2.07337753e+02, 1.43546463e+02,
       2.07439865e+02, 1.61755035e+02, 2.07277161e+02, 4.46464500e+01,
       2.21047302e+02, 6.50831680e+01, 2.21460129e+02, 8.50135117e+01,
       2.21351273e+02, 1.04570541e+02, 2.21502090e+02, 1.23627190e+02,
       2.21456116e+02, 1.41984940e+02, 2.21742157e+02, 1.59652542e+02,
       2.20508575e+02, 1.66518127e+02, 3.24744415e+02, 1.49449524e+02,
       3.26334778e+02, 1.31280319e+02, 3.28643585e+02, 1.12946007e+02,
       3.30591095e+02, 9.42145920e+01, 3.32327728e+02, 7.46567688e+01,
       3.33101288e+02, 5.47424622e+01, 3.34417053e+02, 1.64353271e+02,
       3.10690430e+02, 1.47109451e+02, 3.13035980e+02, 1.29407913e+02,
       3.14408905e+02, 1.11419029e+02, 3.16307953e+02, 9.29039688e+01,
       3.16944733e+02, 7.40012360e+01, 3.18170959e+02, 5.44938850e+01,
       3.18753143e+02, 1.62018204e+02, 2.97904205e+02, 1.45230362e+02,
       2.99453949e+02, 1.27920952e+02, 3.00979218e+02, 1.09906403e+02,
       3.02066406e+02, 9.18861618e+01, 3.02631927e+02, 7.31330032e+01,
       3.03341156e+02, 5.42016602e+01, 3.04205322e+02, 1.59549683e+02,
       2.85456787e+02, 1.43246613e+02, 2.86390930e+02, 1.26012421e+02,
       2.87155426e+02, 1.08618706e+02, 2.88282593e+02, 9.07179184e+01,
       2.88691681e+02, 7.24875488e+01, 2.89363953e+02, 5.36723137e+01,
       2.89759552e+02, 1.57320969e+02, 2.69559509e+02, 1.41384399e+02,
       2.71572449e+02, 1.24574875e+02, 2.74143616e+02, 1.07421921e+02,
       2.74616760e+02, 8.98490829e+01, 2.75377228e+02, 7.18455887e+01,
       2.75417114e+02, 5.33142624e+01, 2.75442444e+02, 4.35801880e+02,
       2.50252243e+02, 4.52250305e+02, 2.53425461e+02, 4.69137512e+02,
       2.56593414e+02, 4.86685699e+02, 2.60007172e+02, 5.05361755e+02,
       2.63647552e+02, 5.24558533e+02, 2.67468842e+02, 5.44884705e+02,
       2.71441559e+02, 4.34923889e+02, 2.67308868e+02, 4.51031250e+02,
       2.70735352e+02, 4.67844177e+02, 2.74418732e+02, 4.85415924e+02,
       2.78190735e+02, 5.03655029e+02, 2.82242584e+02, 5.22803955e+02,
       2.86396179e+02, 5.42615295e+02, 2.90723572e+02, 4.34099335e+02,
       2.84070984e+02, 4.50031128e+02, 2.87915771e+02, 4.66496582e+02,
       2.91785797e+02, 4.83876953e+02, 2.96195374e+02, 5.01741333e+02,
       3.00467316e+02, 5.20732239e+02, 3.05054108e+02, 5.40770386e+02,
       3.09762390e+02, 4.33309662e+02, 3.00529114e+02, 4.49032959e+02,
       3.04581421e+02, 4.65113647e+02, 3.09174744e+02, 4.82366180e+02,
       3.13675903e+02, 5.00399811e+02, 3.18516022e+02, 5.19270813e+02,
       3.23464050e+02, 5.38539307e+02, 3.28546600e+02, 4.32638031e+02,
       3.16490601e+02, 4.48191406e+02, 3.21346863e+02, 4.64335022e+02,
       3.25794800e+02, 4.80971741e+02, 3.30937500e+02, 4.98745117e+02,
       3.36111389e+02, 5.17458496e+02, 3.41330383e+02, 5.36954529e+02,
