%YAML 1.0
---
calibration_time: "Wed 08 Mar 2017 09:35:01 AM CST"
nframes: 12
image_width: 640
image_height: 480
board_width: 7
board_height: 5
square_size: 3.2869998931884766e+01
aspectRatio: 1.
flags: 2
camera_matrix:
   rows: 3
   cols: 3
   dt: d
   data: [ 6.0782982475382448e+02, 0., 3.6927587384670619e+02, 0.,
       6.0782982475382448e+02, 2.0049685183455608e+02, 0., 0., 1. ]
distortion_coefficients:
   rows: 5
   cols: 1
   dt: d
   data: [ 2.6097424564484067e-01, -3.0826179906924500e-01,
       -3.6561830159047480e-02, 2.8149494385205569e-02,
       9.0272371325874165e-02 ]
avg_reprojection_error: 6.6092895845048028e-01
per_view_reprojection_errors:
   rows: 12
   cols: 1
   dt: f
   data: [ 1.12569833e+00, 3.25649649e-01, 3.52165848e-01,
       2.45700657e-01, 2.78621674e-01, 5.25273621e-01, 7.99378633e-01,
       1.01514637e+00, 6.92025602e-01, 5.77147245e-01, 8.56786847e-01,
       3.39320183e-01 ]
extrinsic_parameters:
   rows: 12
   cols: 6
   dt: d
   data: [ -8.6337003636994508e-02, -1.1783451602046391e+00,
       2.7303741738649485e+00, 7.2512051125174594e+01,
       -3.5109443700640242e+01, 8.7050514795183233e+02,
       5.0550568623962289e-01, 1.6061965255651980e-01,
       2.9216451487412329e+00, 1.6828414302514457e+02,
       -1.8569404517428001e+01, 7.5050600004303465e+02,
       2.3987660481925752e-01, 3.5541819971731548e-01,
       3.0393760425955882e+00, 6.3281494614495955e+01,
       1.4147825941307258e+02, 7.6740399514736384e+02,
       -7.5975329482977749e-02, -1.4824901369395063e-01,
       -3.1276945631713420e+00, 1.7620460133450038e+02,
       2.1611400889203995e+01, 8.7813792264400308e+02,
       -6.6459832230573157e-01, 2.3707638894861455e-01,
       2.9462164327774509e+00, 6.6310218246579694e+01,
       1.0065082414912811e+02, 8.8795853716482065e+02,
       9.8360320872678653e-01, 2.5468630080390536e-01,
       2.8581866529199318e+00, 2.3696993930106376e+02,
       1.0319398551576181e+02, 9.9301143219158325e+02,
       5.3693628104410185e-01, -7.5964003272287661e-01,
       2.7460440296243518e+00, 2.2537972850233555e+02,
       -8.2786509126225212e+01, 1.0164585844372907e+03,
       8.9418170511972073e-01, 8.7132522982241922e-01,
       2.8280516562276454e+00, 1.3630742197375440e+02,
       1.5675114967296958e+02, 6.6861314858827348e+02,
       -9.4544261059600385e-02, 1.0395631253614481e+00,
       2.8752820241394845e+00, -7.9883787745801669e+01,
       2.0679132651775615e+02, 6.4266523532564270e+02,
       -1.0839487658759413e-01, -1.1173121727898088e+00,
       2.8713428136911414e+00, 7.0096663107374951e+01,
       -7.2420485709883536e+01, 9.7481434791741299e+02,
       -5.4723300632974115e-01, 1.2198916104848601e+00,
       2.5987109702463753e+00, -1.7212216652451332e+02,
       1.7168389149188769e+02, 7.8967613500922823e+02,
       -3.4862628646892491e-01, -3.3714759567930219e-01,
       5.2296340497370135e-02, -3.3999347389601979e+02,
       -1.0395036593678920e+02, 8.6211111700661570e+02 ]
image_points:
   rows: 12
   cols: 35
   dt: "2f"
   data: [ 4.20297913e+02, 1.73744476e+02, 3.97531860e+02,
       1.79406143e+02, 3.75055542e+02, 1.85217300e+02, 3.52161591e+02,
       1.88698853e+02, 3.29483337e+02, 1.91622589e+02, 3.07002380e+02,
       1.95066101e+02, 2.84731537e+02, 1.97687469e+02, 4.19286102e+02,
       1.58141251e+02, 3.95692993e+02, 1.63551437e+02, 3.72279175e+02,
       1.68560486e+02, 3.48662750e+02, 1.72765839e+02, 3.25319458e+02,
       1.76481262e+02, 3.02322205e+02, 1.79868805e+02, 2.79380066e+02,
       1.83471756e+02, 4.17504364e+02, 1.39646912e+02, 3.93443085e+02,
       1.45666290e+02, 3.69354523e+02, 1.51119995e+02, 3.44997894e+02,
       1.55511734e+02, 3.20865601e+02, 1.59346481e+02, 2.97089172e+02,
       1.62684525e+02, 2.73611053e+02, 1.66261917e+02, 4.15573700e+02,
       1.19508614e+02, 3.90654968e+02, 1.25783836e+02, 3.66046448e+02,
       1.32147217e+02, 3.41151642e+02, 1.36937469e+02, 3.16297241e+02,
       1.40595428e+02, 2.91909302e+02, 1.44067383e+02, 2.67723541e+02,
       1.47220779e+02, 4.13427673e+02, 9.80298462e+01, 3.88075195e+02,
       1.05073051e+02, 3.62428162e+02, 1.11831474e+02, 3.36674164e+02,
       1.17331993e+02, 3.11179260e+02, 1.20787735e+02, 2.85964661e+02,
       1.24289650e+02, 2.61155670e+02, 1.27421410e+02, 5.09920624e+02,
       1.84315628e+02, 4.81978210e+02, 1.89721252e+02, 4.55011566e+02,
       1.95309235e+02, 4.29526550e+02, 2.00279297e+02, 4.05205780e+02,
       2.05180054e+02, 3.81575287e+02, 2.09819977e+02, 3.59112213e+02,
       2.14428696e+02, 5.05521942e+02, 1.57409576e+02, 4.77605530e+02,
       1.63395554e+02, 4.50962952e+02, 1.69280670e+02, 4.25492096e+02,
       1.74644989e+02, 4.01053589e+02, 1.80268555e+02, 3.77531921e+02,
       1.85312988e+02, 3.54704681e+02, 1.90259857e+02, 5.01255493e+02,
       1.30536255e+02, 4.73512268e+02, 1.37300888e+02, 4.46967438e+02,
       1.43449646e+02, 4.21485077e+02, 1.49527222e+02, 3.97189392e+02,
       1.55405716e+02, 3.73493652e+02, 1.60748947e+02, 3.50712402e+02,
       1.66271286e+02, 4.97293457e+02, 1.04127937e+02, 4.69583801e+02,
       1.11290230e+02, 4.43189880e+02, 1.17804962e+02, 4.17942108e+02,
       1.24523102e+02, 3.93435333e+02, 1.30679489e+02, 3.70210083e+02,
       1.36619278e+02, 3.47553162e+02, 1.42390991e+02, 4.93278351e+02,
       7.77818756e+01, 4.65721344e+02, 8.54506912e+01, 4.39482788e+02,
       9.25682068e+01, 4.14289978e+02, 9.95538101e+01, 3.89787659e+02,
       1.06232567e+02, 3.66473633e+02, 1.12649384e+02, 3.44316284e+02,
       1.18945633e+02, 4.19377014e+02, 3.11527161e+02, 3.93734589e+02,
       3.13021759e+02, 3.68479675e+02, 3.14503082e+02, 3.43560455e+02,
       3.15759521e+02, 3.19203125e+02, 3.17324707e+02, 2.95332703e+02,
       3.18573029e+02, 2.71623138e+02, 3.19800659e+02, 4.17549164e+02,
       2.85676941e+02, 3.92250000e+02, 2.87425018e+02, 3.67369965e+02,
       2.88967316e+02, 3.42523590e+02, 2.90457153e+02, 3.18248077e+02,
       2.91983582e+02, 2.94384705e+02, 2.93595184e+02, 2.70537018e+02,
       2.95144440e+02, 4.15833405e+02, 2.60424286e+02, 3.90558350e+02,
       2.62240875e+02, 3.65895508e+02, 2.63822784e+02, 3.41437317e+02,
       2.65555237e+02, 3.17259369e+02, 2.67323090e+02, 2.93301178e+02,
       2.68793365e+02, 2.69521637e+02, 2.70579346e+02, 4.14060577e+02,
       2.35700180e+02, 3.89289185e+02, 2.37502472e+02, 3.64595093e+02,
       2.39302155e+02, 3.40349579e+02, 2.41164520e+02, 3.16386627e+02,
       2.42983734e+02, 2.92513275e+02, 2.44586578e+02, 2.69337311e+02,
       2.46468063e+02, 4.12217712e+02, 2.11360153e+02, 3.87506836e+02,
       2.13146133e+02, 3.63369171e+02, 2.14960617e+02, 3.39416565e+02,
       2.17198456e+02, 3.15498138e+02, 2.19040405e+02, 2.91595428e+02,
       2.20925262e+02, 2.68615143e+02, 2.22935974e+02, 4.93923157e+02,
       2.15144348e+02, 4.70243134e+02, 2.15074585e+02, 4.46528229e+02,
       2.14710617e+02, 4.23490692e+02, 2.14623917e+02, 4.00444611e+02,
       2.14564255e+02, 3.77484100e+02, 2.14512970e+02, 3.55152985e+02,
       2.14476257e+02, 4.94471710e+02, 1.91819977e+02, 4.70511993e+02,
       1.92059189e+02, 4.46639832e+02, 1.92186630e+02, 4.23512634e+02,
       1.92103134e+02, 4.00518982e+02, 1.91960297e+02, 3.77569763e+02,
       1.91764008e+02, 3.55278137e+02, 1.91662384e+02, 4.94508942e+02,
       1.68578979e+02, 4.70549011e+02, 1.69215469e+02, 4.47097229e+02,
       1.69440796e+02, 4.23701782e+02, 1.69473312e+02, 4.00673248e+02,
       1.69504288e+02, 3.78237457e+02, 1.69498230e+02, 3.55513733e+02,
       1.69497177e+02, 4.95334259e+02, 1.45470490e+02, 4.71305847e+02,
       1.45549835e+02, 4.47491211e+02, 1.46483109e+02, 4.24210480e+02,
       1.46527435e+02, 4.01331238e+02, 1.46843445e+02, 3.78534119e+02,
       1.47334610e+02, 3.56014923e+02, 1.47412872e+02, 4.95517334e+02,
       1.22399452e+02, 4.71559753e+02, 1.22592979e+02, 4.47750458e+02,
       1.23416275e+02, 4.24511444e+02, 1.23620880e+02, 4.01496307e+02,
       1.24372322e+02, 3.78570831e+02, 1.24492332e+02, 3.56358490e+02,
